7
1
2
0 0 6 1 0 -1
3 0 3 1 0 2
haar_x2
3.890279e-003 0 -1
-2.527644e-001 9.062250e-001 
1
2
12 15 3 2 0 -1
13 16 1 2 0 3
tilted_haar_y3
3.344469e-003 0 -1
1.982786e-001 -5.317984e-001 
1
3
1 4 2 16 0 -1
1 4 1 8 0 2
2 12 1 8 0 2
haar_x2_y2
7.670498e-003 0 -1
-2.427845e-001 8.230270e-001 
1
2
17 19 3 3 0 -1
18 19 1 3 0 3
haar_x3
-3.070817e-003 0 -1
-1.000000e+000 1.040415e-001 
1
2
0 5 4 3 0 -1
0 6 4 1 0 3
haar_y3
-8.086038e-004 0 -1
-8.154546e-001 2.772874e-001 
1
3
17 16 2 8 0 -1
18 16 1 4 0 2
17 20 1 4 0 2
haar_x2_y2
3.265251e-003 0 -1
1.964974e-002 -1.000010e+000 
1
2
4 19 3 3 0 -1
5 19 1 3 0 3
haar_x3
-1.311551e-003 0 -1
-8.260972e-001 2.644696e-001 
-3.888296e-001

13
-1
