7
1
2
8 11 7 3 0 -1
8 12 7 1 0 3
haar_y3
7.314631e-004 0 -1
3.012159e-001 -7.009373e-001 
1
3
20 2 4 18 0 -1
22 2 2 9 0 2
20 11 2 9 0 2
haar_x2_y2
2.476755e-002 0 -1
-2.248842e-001 6.872757e-001 
1
2
5 9 4 4 0 -1
5 11 4 2 0 2
haar_y2
5.392464e-004 0 -1
3.817919e-001 -5.734645e-001 
1
2
4 14 16 8 0 -1
8 14 8 8 0 2
haar_x4
-3.298650e-002 0 -1
-8.639315e-001 3.127075e-001 
1
2
9 3 6 3 0 -1
11 3 2 3 0 3
haar_x3
-6.327358e-004 0 -1
5.428576e-001 -4.999083e-001 
1
3
11 1 6 18 0 -1
14 1 3 9 0 2
11 10 3 9 0 2
haar_x2_y2
3.667938e-002 0 -1
1.373360e-002 -1.000005e+000 
1
2
0 0 14 3 0 -1
0 1 14 1 0 3
haar_y3
-2.477876e-003 0 -1
5.899297e-001 -3.726822e-001 
-2.218989e-001

11
-1
