5
1
2
3 0 18 8 0 -1
3 2 18 4 0 2
haar_y4
-8.643679e-002 0 -1
8.979408e-001 -3.162840e-001 
1
2
13 5 2 6 0 -1
11 7 2 2 0 3
tilted_haar_x3
5.757122e-003 0 -1
2.351013e-001 -6.026189e-001 
1
2
11 5 6 2 0 -1
13 7 2 2 0 3
tilted_haar_x3
-3.904162e-003 0 -1
-9.583505e-001 2.576138e-001 
1
3
22 1 2 12 0 -1
23 1 1 6 0 2
22 7 1 6 0 2
haar_x2_y2
-7.457212e-003 0 -1
7.901967e-001 -3.825319e-001 
1
3
0 0 2 14 0 -1
0 0 1 7 0 2
1 7 1 7 0 2
haar_x2_y2
-9.313722e-003 0 -1
8.548647e-001 -3.176503e-001 
-5.237511e-001

1
-1
