9
1
2
9 17 4 2 0 -1
10 18 2 2 0 2
tilted_haar_x4
8.501670e-004 0 -1
-3.134831e-001 6.394445e-001 
1
2
22 18 2 6 0 -1
22 18 1 6 0 2
haar_x2
-2.648072e-003 0 -1
5.466011e-001 -1.835353e-001 
1
2
0 18 2 6 0 -1
1 18 1 6 0 2
haar_x2
-1.508387e-003 0 -1
5.711277e-001 -3.023738e-001 
1
2
8 4 12 4 0 -1
11 4 6 4 0 2
haar_x4
-3.054811e-004 0 -1
2.143863e-001 -2.661779e-001 
1
2
3 4 12 4 0 -1
6 4 6 4 0 2
haar_x4
3.212213e-004 0 -1
3.272914e-001 -5.796360e-001 
1
2
23 7 1 2 0 -1
23 7 1 1 0 2
tilted_haar_x2
-9.143170e-004 0 -1
5.768468e-001 -2.409216e-001 
1
2
1 13 3 4 0 -1
2 13 1 4 0 3
haar_x3
1.250005e-003 0 -1
-2.993170e-001 6.350374e-001 
1
2
20 2 2 22 0 -1
20 13 2 11 0 2
haar_y2
-3.604845e-002 0 -1
-7.841391e-001 2.034503e-001 
1
3
3 5 18 2 0 -1
3 5 9 1 0 2
12 6 9 1 0 2
haar_x2_y2
2.722769e-003 0 -1
2.680624e-001 -8.173304e-001 
-8.961635e-001

10
-1
