6
1
2
0 0 24 9 0 -1
8 3 8 3 0 9
haar_point
-3.094071e-001 0 -1
8.454926e-001 -3.700199e-001 
1
2
2 10 22 3 0 -1
2 11 22 1 0 3
haar_y3
1.769667e-003 0 -1
3.517486e-001 -8.224069e-001 
1
2
2 10 20 3 0 -1
2 11 20 1 0 3
haar_y3
-5.008962e-003 0 -1
-9.236206e-001 2.928848e-001 
1
2
12 0 9 4 0 -1
12 1 9 2 0 2
haar_y4
-1.840602e-002 0 -1
8.142586e-001 -2.614190e-001 
1
2
7 7 6 3 0 -1
7 7 3 3 0 2
tilted_haar_x2
-2.926816e-003 0 -1
-7.265269e-001 4.209277e-001 
1
2
12 9 3 4 0 -1
12 11 3 2 0 2
haar_y2
-2.418921e-003 0 -1
-1.000000e+000 1.947522e-001 
-5.876310e-001

0
-1
