8
1
2
4 8 15 9 0 -1
9 11 5 3 0 9
haar_point
-7.999858e-003 0 -1
3.935080e-001 -4.934701e-001 
1
2
5 8 14 14 0 -1
5 15 14 7 0 2
haar_y2
7.758547e-002 0 -1
2.583271e-001 -7.450466e-001 
1
2
0 3 2 10 0 -1
1 3 1 10 0 2
haar_x2
-1.294963e-002 0 -1
8.766546e-001 -2.194146e-001 
1
2
22 7 2 3 0 -1
22 7 1 3 0 2
haar_x2
-2.848445e-003 0 -1
8.118187e-001 -2.749581e-001 
1
2
5 21 10 3 0 -1
5 22 10 1 0 3
haar_y3
-7.371373e-003 0 -1
6.407984e-001 -2.939045e-001 
1
2
22 1 2 1 0 -1
22 1 1 1 0 2
haar_x2
1.334517e-003 0 -1
-1.693882e-001 6.393374e-001 
1
3
3 9 8 4 0 -1
3 9 4 2 0 2
7 11 4 2 0 2
haar_x2_y2
1.426918e-004 0 -1
-6.178905e-001 3.554053e-001 
1
2
15 4 3 12 0 -1
16 8 1 4 0 9
haar_point
-9.464950e-003 0 -1
-5.981821e-001 1.734236e-001 
-7.803751e-001

8
-1
