8
1
2
12 6 10 1 0 -1
12 6 5 1 0 2
tilted_haar_x2
4.662148e-003 0 -1
2.282390e-001 -7.573872e-001 
1
2
8 18 10 6 0 -1
8 18 5 6 0 2
haar_x2
5.545424e-003 0 -1
-2.232210e-001 1.911488e-001 
1
2
3 7 18 2 0 -1
3 8 18 1 0 2
haar_y2
2.363592e-003 0 -1
3.110662e-001 -5.890799e-001 
1
2
13 4 6 12 0 -1
15 8 2 4 0 9
haar_point
-2.497534e-002 0 -1
-5.990525e-001 9.274627e-002 
1
2
0 5 3 12 0 -1
1 5 1 12 0 3
haar_x3
4.925898e-003 0 -1
-2.929269e-001 6.816160e-001 
1
2
22 4 2 20 0 -1
22 4 1 20 0 2
haar_x2
-8.729588e-003 0 -1
5.352037e-001 -2.810313e-001 
1
3
2 0 20 10 0 -1
2 0 10 5 0 2
12 5 10 5 0 2
haar_x2_y2
-5.468728e-002 0 -1
-9.607703e-001 2.069015e-001 
1
2
22 4 2 18 0 -1
22 4 1 18 0 2
haar_x2
1.134547e-002 0 -1
-2.316953e-001 5.412906e-001 
-7.611779e-001

9
-1
