6
1
2
4 0 1 4 0 -1
4 1 1 2 0 2
haar_y4
-3.123956e-003 0 -1
1.000000e+000 -1.866664e-001 
1
3
20 4 4 12 0 -1
22 4 2 6 0 2
20 10 2 6 0 2
haar_x2_y2
1.019501e-002 0 -1
-5.947654e-002 4.430953e-001 
1
2
4 16 12 8 0 -1
10 16 6 8 0 2
haar_x2
-1.209775e-002 0 -1
4.562623e-001 -4.121753e-001 
1
2
13 17 1 4 0 -1
12 18 1 2 0 2
tilted_haar_x4
-2.148925e-005 0 -1
-3.318762e-001 2.608203e-001 
1
2
3 21 2 3 0 -1
4 21 1 3 0 2
haar_x2
-4.269473e-004 0 -1
5.634822e-001 -3.718472e-001 
1
2
12 22 10 2 0 -1
12 23 10 1 0 2
haar_y2
-5.817675e-003 0 -1
6.239060e-001 -1.024877e-001 
-5.960917e-001

12
-1
